,index1,ScoreAttrition,Depart
0,0,6.008989e-08,0.0
1,1,3.1743684e-07,0.0
2,2,0.00028437376,0.0
3,3,5.1857e-05,0.0
4,4,5.0019423e-07,0.0
5,5,0.019334763,0.0
6,6,3.0781725e-06,0.0
7,7,2.5952806e-05,0.0
8,8,0.9776829,1.0
9,9,4.46885e-08,0.0
10,10,9.5053394e-08,0.0
11,11,1.3766694e-07,0.0
12,12,4.8307746e-05,0.0
13,13,5.276756e-14,0.0
14,14,4.4187387e-09,0.0
15,15,3.8035135e-09,0.0
16,16,1.7139954e-09,0.0
17,17,0.119118184,0.0
18,18,0.004145831,0.0
19,19,2.3421909e-09,0.0
20,20,7.515328e-08,0.0
21,21,3.5415493e-08,0.0
22,22,0.045784175,0.0
23,23,0.9999796,1.0
24,24,0.0036503673,0.0
25,25,0.9998776,1.0
26,26,1.8566568e-09,0.0
27,27,6.9802745e-08,0.0
28,28,0.51788604,0.0
29,29,3.132719e-07,0.0
30,30,1.2727139e-08,0.0
31,31,0.9999628,1.0
32,32,5.8445096e-08,0.0
33,33,4.5877407e-08,0.0
34,34,0.93016154,0.0
35,35,0.00011417754,0.0
36,36,6.654136e-08,0.0
37,37,0.99985886,1.0
38,38,9.529806e-07,0.0
39,39,0.0041439235,0.0
40,40,0.00013792515,0.0
41,41,7.245349e-08,0.0
42,42,1.19883e-09,0.0
43,43,1.7980086e-05,0.0
44,44,2.993716e-08,0.0
45,45,0.28872365,0.0
46,46,0.9996004,1.0
47,47,4.5887534e-09,0.0
48,48,0.00069105625,0.0
49,49,0.00010676633,0.0
50,50,4.7057897e-06,0.0
51,51,4.3503823e-09,0.0
52,52,3.4415668e-09,0.0
53,53,0.010483682,0.0
54,54,0.0021446943,0.0
55,55,3.99753e-07,0.0
56,56,1.219729e-07,0.0
57,57,6.289096e-08,0.0
58,58,2.9090174e-12,0.0
59,59,7.9310137e-13,0.0
60,60,2.1973532e-09,0.0
61,61,1.5843568e-11,0.0
62,62,3.9409397e-07,0.0
63,63,0.0028263032,0.0
64,64,3.5877683e-08,0.0
65,65,2.7419782e-07,0.0
66,66,2.9564406e-08,0.0
67,67,2.8161285e-06,0.0
68,68,2.8561795e-10,0.0
69,69,0.048090607,0.0
70,70,0.003419429,0.0
71,71,1.4853709e-05,0.0
72,72,0.87647384,1.0
73,73,6.057201e-09,0.0
74,74,0.9888462,1.0
75,75,1.1887535e-05,0.0
76,76,0.1817609,1.0
77,77,1.8027103e-10,0.0
78,78,0.009996682,0.0
79,79,0.00025984645,0.0
80,80,1.7543598e-06,0.0
81,81,3.5359218e-07,0.0
82,82,5.635564e-06,0.0
83,83,1.01478555e-07,0.0
84,84,0.0007222891,0.0
85,85,2.3684296e-10,0.0
86,86,0.5955186,1.0
87,87,1.3201362e-11,0.0
88,88,1.6848494e-13,0.0
89,89,0.9971712,1.0
90,90,0.07264224,0.0
91,91,3.0868916e-06,0.0
92,92,0.0009802878,0.0
93,93,3.7378704e-05,0.0
94,94,2.073633e-10,0.0
95,95,0.9655391,1.0
96,96,3.9812723e-11,0.0
97,97,2.6332303e-09,0.0
98,98,7.498955e-06,0.0
99,99,3.100308e-07,0.0
100,100,4.6401993e-08,0.0
101,101,0.9999511,1.0
102,102,1.6317184e-11,0.0
103,103,2.1951665e-09,0.0
104,104,4.3184914e-07,0.0
105,105,0.19371226,0.0
106,106,0.030825257,0.0
107,107,0.0125588775,0.0
108,108,1.07705685e-11,0.0
109,109,2.4176444e-07,0.0
110,110,1.131457e-12,0.0
111,111,0.0018124878,0.0
112,112,0.18398577,0.0
113,113,2.879071e-09,0.0
114,114,1.20805535e-05,0.0
115,115,4.398267e-06,0.0
116,116,5.4693396e-11,0.0
117,117,6.2964e-06,0.0
118,118,0.7716409,1.0
119,119,1.9320767e-05,0.0
120,120,4.3007956e-10,0.0
121,121,0.01705113,0.0
122,122,5.8679297e-09,0.0
123,123,7.3950325e-08,0.0
124,124,0.00036129355,0.0
125,125,1.25119355e-08,0.0
126,126,6.3971214e-08,0.0
127,127,0.9990653,1.0
128,128,1.402687e-07,0.0
129,129,0.00015076995,0.0
130,130,5.528588e-11,0.0
131,131,2.2687041e-10,0.0
132,132,1.6834942e-05,0.0
133,133,5.6516936e-10,0.0
134,134,9.334237e-10,0.0
135,135,3.261461e-10,0.0
136,136,7.8187776e-11,0.0
137,137,2.9221196e-06,0.0
138,138,0.6157692,0.0
139,139,6.43573e-07,0.0
140,140,3.6953252e-10,0.0
141,141,6.8220624e-12,0.0
142,142,0.07127687,0.0
143,143,1.2865242e-10,0.0
144,144,1.387883e-06,0.0
145,145,0.033243418,0.0
146,146,3.651514e-10,0.0
147,147,6.698425e-08,0.0
148,148,3.3751116e-12,0.0
149,149,0.5640307,1.0
150,150,2.5717313e-09,0.0
151,151,0.56654304,0.0
152,152,0.0007249117,0.0
153,153,7.60821e-08,0.0
154,154,9.518307e-07,0.0
155,155,0.8357345,0.0
156,156,2.4523539e-05,0.0
157,157,0.9947579,1.0
158,158,4.1726867e-06,0.0
159,159,4.928299e-05,0.0
160,160,7.3160576e-05,0.0
161,161,2.7330988e-11,0.0
162,162,4.474121e-06,0.0
163,163,2.0600868e-05,0.0
164,164,2.523675e-06,0.0
165,165,2.388314e-05,0.0
166,166,1.01954105e-10,0.0
167,167,1.5066381e-09,0.0
168,168,0.14102834,0.0
169,169,0.014236838,0.0
170,170,0.9991673,1.0
171,171,3.3867083e-05,0.0
172,172,7.0604917e-09,0.0
173,173,4.4928655e-08,0.0
174,174,0.9953573,1.0
175,175,3.9184502e-07,0.0
176,176,5.377715e-09,0.0
177,177,0.9949622,1.0
178,178,4.090928e-05,0.0
179,179,1.0,1.0
180,180,0.0029226243,0.0
181,181,3.817672e-09,0.0
182,182,3.0769263e-07,0.0
183,183,1.6760395e-06,0.0
184,184,2.8133444e-08,0.0
185,185,0.99999464,1.0
186,186,3.9854475e-09,0.0
187,187,0.9078223,1.0
188,188,2.5080244e-06,0.0
189,189,3.7481346e-08,0.0
190,190,0.99361527,1.0
191,191,3.5365233e-10,0.0
192,192,1.8226006e-06,0.0
193,193,0.032515943,0.0
194,194,0.002871275,0.0
195,195,0.00011015462,0.0
196,196,2.5070906e-07,0.0
197,197,5.612621e-07,0.0
198,198,9.627939e-06,0.0
199,199,4.339315e-07,0.0
200,200,6.5736285e-06,0.0
201,201,3.1487578e-13,0.0
202,202,0.0024634004,0.0
203,203,2.1129988e-05,0.0
204,204,0.1149475,0.0
205,205,0.50477874,0.0
206,206,5.8723163e-06,0.0
207,207,3.408024e-07,0.0
208,208,4.0802712e-07,0.0
209,209,2.231259e-16,0.0
210,210,1.6186823e-09,0.0
211,211,0.0068793893,0.0
212,212,0.03750962,0.0
213,213,0.0071698427,0.0
214,214,1.9763813e-06,0.0
215,215,9.3755e-06,0.0
216,216,0.00017169118,0.0
217,217,3.0463143e-06,0.0
218,218,0.00010194926,0.0
219,219,1.688055e-05,0.0
220,220,1.4352395e-06,0.0
221,221,5.5470597e-08,0.0
222,222,1.5298448e-09,0.0
223,223,0.98045653,1.0
224,224,9.547698e-11,0.0
225,225,0.35315788,0.0
226,226,0.03947833,0.0
227,227,1.0849987e-12,0.0
228,228,7.857293e-06,0.0
229,229,6.8494174e-08,0.0
230,230,7.263793e-12,0.0
231,231,0.2535499,1.0
232,232,8.464804e-09,0.0
233,233,0.0003568232,0.0
234,234,0.00084480643,0.0
235,235,0.0054444075,0.0
236,236,1.4633501e-10,0.0
237,237,2.4114076e-08,0.0
238,238,0.43934223,0.0
239,239,0.7906736,0.0
240,240,0.9998113,1.0
241,241,5.6653986e-05,0.0
242,242,0.9325001,1.0
243,243,7.223471e-10,0.0
244,244,0.966699,1.0
245,245,2.9827728e-08,0.0
246,246,0.99907064,1.0
247,247,0.91352886,0.0
248,248,3.0827065e-09,0.0
249,249,3.1710172e-08,0.0
250,250,0.9999996,1.0
251,251,5.2178706e-07,0.0
252,252,1.1876191e-09,0.0
253,253,1.1878473e-10,0.0
254,254,1.3367406e-10,0.0
255,255,4.9289184e-11,0.0
256,256,1.0613261e-05,0.0
257,257,0.99851274,1.0
258,258,7.764394e-09,0.0
259,259,1.2239236e-09,0.0
260,260,0.64833444,1.0
261,261,0.0007765293,0.0
262,262,0.008463383,0.0
263,263,0.6286553,0.0
264,264,8.100929e-06,0.0
265,265,0.99773246,1.0
266,266,3.6936285e-09,0.0
267,267,2.9503979e-05,0.0
268,268,3.3440846e-12,0.0
269,269,3.2450182e-06,0.0
270,270,0.0002619326,0.0
271,271,0.026814818,0.0
272,272,7.5344315e-06,0.0
273,273,0.9999489,1.0
274,274,7.713031e-08,0.0
275,275,5.027624e-09,0.0
276,276,0.52076924,1.0
277,277,1.251551e-09,0.0
278,278,2.2584428e-09,0.0
279,279,3.964895e-06,0.0
280,280,8.5318413e-10,0.0
281,281,3.0657507e-08,0.0
282,282,6.921965e-08,0.0
283,283,2.8384875e-07,0.0
284,284,5.2499196e-11,0.0
285,285,0.010253161,0.0
286,286,0.03428939,0.0
287,287,1.9957058e-08,0.0
288,288,6.6162387e-10,0.0
289,289,3.023469e-12,0.0
290,290,1.5346972e-08,0.0
291,291,1.22497e-07,0.0
292,292,0.00011052418,0.0
293,293,7.157511e-08,0.0
294,294,0.014203817,0.0
295,295,1.2819865e-12,0.0
296,296,6.920743e-14,0.0
297,297,2.4871902e-06,0.0
298,298,0.006523162,0.0
299,299,1.7557658e-06,0.0
300,300,3.5141294e-08,0.0
301,301,0.19151792,1.0
302,302,0.00086274743,0.0
303,303,3.2640878e-06,0.0
304,304,3.718989e-11,0.0
305,305,0.99971324,1.0
306,306,0.0006028712,0.0
307,307,6.057816e-08,0.0
308,308,0.11166468,0.0
309,309,0.02361843,0.0
310,310,8.153285e-06,0.0
311,311,0.9855596,1.0
312,312,2.5565458e-07,0.0
313,313,1.02399184e-07,0.0
314,314,9.830992e-07,0.0
315,315,0.49098808,0.0
316,316,0.8346377,1.0
317,317,9.326176e-06,0.0
318,318,5.0247e-07,0.0
319,319,5.446571e-06,0.0
320,320,1.2597681e-09,0.0
321,321,1.2606935e-09,0.0
322,322,5.3897453e-05,0.0
323,323,4.999253e-07,0.0
324,324,1.0003322e-07,0.0
325,325,1.7643967e-10,0.0
326,326,4.6695283e-14,0.0
327,327,3.5017629e-09,0.0
328,328,0.0025024414,0.0
329,329,0.99999976,1.0
330,330,1.3278474e-05,0.0
331,331,0.7923393,1.0
332,332,2.0742144e-10,0.0
333,333,0.00017040968,0.0
334,334,2.0380714e-05,0.0
335,335,3.7804242e-05,0.0
336,336,7.8648235e-09,0.0
337,337,1.5981933e-06,0.0
338,338,2.5939667e-05,0.0
339,339,0.00034588575,0.0
340,340,0.081145376,0.0
341,341,5.2502137e-06,0.0
342,342,0.0002014637,0.0
343,343,1.8224424e-06,0.0
344,344,1.5085916e-06,0.0
345,345,3.9551623e-10,0.0
346,346,0.035683036,0.0
347,347,0.2865226,0.0
348,348,0.0059351623,0.0
349,349,1.0112979e-05,0.0
350,350,3.1968528e-07,0.0
351,351,0.9997195,1.0
352,352,2.871063e-10,0.0
353,353,0.9782932,1.0
354,354,1.9662124e-08,0.0
355,355,1.1109689e-07,0.0
356,356,1.7748509e-07,0.0
357,357,8.68928e-08,0.0
358,358,0.40684313,0.0
359,359,0.01138711,0.0
360,360,5.4401745e-08,0.0
361,361,1.0711951e-06,0.0
362,362,2.1207191e-14,0.0
363,363,7.813092e-05,0.0
364,364,2.9865683e-09,0.0
365,365,3.2024428e-11,0.0
366,366,1.3160899e-07,0.0
367,367,0.11792454,0.0
368,368,0.9992029,1.0
369,369,0.00023555756,0.0
